max expected height = 6.45
Residue heights
1:  0.015  0.002  0.010  0.035  0.004  0.007  0.005  0.007  0.024  0.010  0.008  0.011  0.004  0.013  0.012  0.015  0.015  0.009  0.004  0.004  ( 0.213)
2:  0.005  0.001  0.003  0.006  0.003  0.003  0.003  0.004  0.005  0.004  0.001  0.003  0.002  0.005  0.005  0.004  0.004  0.003  0.000  0.001  ( 0.066)
3:  0.019  0.002  0.014  0.028  0.003  0.009  0.007  0.006  0.035  0.009  0.009  0.018  0.012  0.024  0.036  0.019  0.024  0.008  0.001  0.004  ( 0.288)
4:  0.020  0.001  0.019  0.020  0.003  0.007  0.009  0.004  0.019  0.007  0.003  0.014  0.022  0.014  0.018  0.015  0.019  0.009  0.001  0.003  ( 0.228)
5:  0.030  0.001  0.023  0.026  0.004  0.007  0.009  0.005  0.023  0.008  0.004  0.012  0.005  0.014  0.015  0.025  0.013  0.007  0.004  0.004  ( 0.239)
6:  0.022  0.005  0.011  0.009  0.047  0.007  0.006  0.042  0.010  0.046  0.013  0.007  0.005  0.008  0.008  0.015  0.018  0.036  0.003  0.027  ( 0.346)
7:  0.108  3.529  0.023  0.024  0.026  0.071  0.015  0.049  0.027  0.058  0.018  0.029  0.034  0.020  0.028  0.083  0.064  0.069  0.008  0.020  ( 4.302)
8:  0.006  0.001  0.005  0.005  0.003  0.002  0.002  0.004  0.006  0.008  0.002  0.004  0.001  0.003  0.003  0.006  0.004  0.006  0.000  0.003  ( 0.072)
9:  0.014  0.002  0.005  0.021  0.006  0.004  0.003  0.007  0.012  0.029  0.004  0.006  0.003  0.007  0.006  0.009  0.008  0.008  0.001  0.003  ( 0.157)
10:  0.023  0.002  0.033  0.041  0.004  0.012  0.014  0.007  0.038  0.011  0.005  0.020  0.073  0.027  0.019  0.035  0.019  0.010  0.001  0.005  ( 0.399)
11:  0.022  0.001  0.007  0.015  0.002  0.005  0.004  0.006  0.016  0.008  0.003  0.011  0.012  0.009  0.010  0.010  0.008  0.008  0.001  0.003  ( 0.157)
12:  0.016  0.001  0.033  0.023  0.003  0.007  0.006  0.005  0.028  0.008  0.004  0.015  0.010  0.015  0.016  0.016  0.013  0.017  0.001  0.008  ( 0.243)
13:  0.008  0.001  0.007  0.011  0.005  0.003  0.003  0.005  0.009  0.005  0.002  0.005  0.005  0.010  0.007  0.009  0.012  0.009  0.001  0.004  ( 0.122)
14:  0.048  0.006  0.040  0.049  0.008  0.568  0.014  0.013  0.150  0.020  0.008  0.032  0.015  0.031  0.040  0.044  0.033  0.020  0.003  0.009  ( 1.150)
15:  0.012  0.006  0.005  0.009  0.004  0.005  0.003  0.013  0.010  0.010  0.004  0.006  0.024  0.007  0.015  0.015  0.012  0.010  0.001  0.003  ( 0.176)
16:  0.160  1.618  0.023  0.027  0.020  0.357  0.014  0.036  0.030  0.044  0.018  0.037  0.036  0.024  0.028  0.127  0.092  0.063  0.005  0.015  ( 2.776)
17:  0.031  0.003  0.021  0.040  0.006  0.015  0.015  0.011  0.123  0.018  0.008  0.025  0.011  0.049  0.165  0.032  0.038  0.015  0.002  0.018  ( 0.647)
18:  0.026  0.001  0.009  0.012  0.005  0.017  0.004  0.005  0.016  0.007  0.003  0.007  0.003  0.008  0.008  0.010  0.011  0.008  0.001  0.003  ( 0.161)
19:  0.016  0.003  0.003  0.006  0.014  0.004  0.003  0.016  0.009  0.019  0.009  0.005  0.003  0.008  0.011  0.014  0.010  0.019  0.008  0.010  ( 0.190)
20:  0.025  0.006  0.005  0.033  0.044  0.008  0.006  0.083  0.010  0.052  0.025  0.008  0.006  0.008  0.009  0.016  0.020  0.063  0.003  0.010  ( 0.440)
21:  0.011  0.001  0.012  0.015  0.002  0.005  0.004  0.007  0.020  0.010  0.003  0.009  0.017  0.013  0.012  0.015  0.011  0.006  0.001  0.003  ( 0.176)
22:  0.037  0.003  0.016  0.028  0.005  0.011  0.009  0.009  0.043  0.022  0.006  0.017  0.007  0.022  0.098  0.044  0.019  0.013  0.002  0.006  ( 0.418)
23:  0.033  0.011  0.010  0.013  0.533  0.016  0.044  0.108  0.016  0.088  0.026  0.021  0.012  0.019  0.018  0.029  0.027  0.051  0.441  0.535  ( 2.049)
24:  0.154  0.011  0.012  0.019  0.233  0.017  0.026  0.049  0.022  0.076  0.025  0.020  0.012  0.020  0.019  0.033  0.033  0.056  0.020  0.487  ( 1.343)
25:  0.025  0.010  0.011  0.012  0.774  0.015  0.056  0.039  0.015  0.090  0.023  0.024  0.012  0.020  0.018  0.027  0.021  0.041  0.052  1.252  ( 2.535)
26:  0.033  0.003  0.124  0.059  0.005  0.019  0.013  0.008  0.067  0.014  0.006  0.132  0.012  0.032  0.024  0.063  0.025  0.013  0.002  0.007  ( 0.661)
27:  0.014  0.001  0.006  0.010  0.002  0.004  0.003  0.007  0.010  0.006  0.003  0.008  0.015  0.009  0.011  0.012  0.007  0.007  0.002  0.002  ( 0.139)
28:  0.012  0.001  0.008  0.013  0.004  0.004  0.003  0.004  0.016  0.010  0.003  0.009  0.003  0.010  0.007  0.015  0.014  0.007  0.001  0.004  ( 0.148)
29:  0.026  0.001  0.011  0.028  0.003  0.007  0.006  0.005  0.025  0.015  0.004  0.011  0.005  0.013  0.021  0.015  0.027  0.008  0.001  0.004  ( 0.233)
30:  0.021  0.002  0.016  0.028  0.004  0.031  0.009  0.016  0.069  0.011  0.005  0.017  0.007  0.047  0.029  0.022  0.017  0.010  0.001  0.005  ( 0.367)
31:  0.018  0.002  0.013  0.022  0.004  0.008  0.007  0.013  0.038  0.016  0.005  0.013  0.005  0.040  0.019  0.025  0.020  0.009  0.001  0.004  ( 0.283)
32:  0.108  3.529  0.023  0.024  0.026  0.071  0.015  0.049  0.027  0.058  0.018  0.029  0.034  0.020  0.028  0.083  0.064  0.069  0.008  0.020  ( 4.302)
33:  0.016  0.001  0.009  0.022  0.003  0.005  0.010  0.004  0.019  0.013  0.003  0.009  0.004  0.014  0.012  0.012  0.011  0.015  0.001  0.003  ( 0.186)
34:  0.016  0.001  0.012  0.026  0.003  0.007  0.011  0.005  0.021  0.011  0.004  0.012  0.019  0.021  0.026  0.022  0.017  0.007  0.001  0.004  ( 0.246)
35:  0.036  0.011  0.014  0.016  2.000  0.024  0.033  0.058  0.017  0.127  0.031  0.020  0.015  0.018  0.018  0.029  0.026  0.056  0.029  0.157  ( 2.735)
36:  0.011  0.002  0.008  0.006  0.011  0.004  0.003  0.017  0.009  0.019  0.006  0.004  0.005  0.005  0.008  0.008  0.009  0.026  0.004  0.004  ( 0.168)
37:  0.027  0.010  0.012  0.013  0.392  0.016  0.063  0.040  0.016  0.092  0.024  0.026  0.013  0.022  0.019  0.030  0.022  0.043  0.133  1.758  ( 2.773)
38:  0.093  0.013  0.024  0.028  0.008  0.616  0.009  0.014  0.024  0.019  0.009  0.027  0.021  0.019  0.018  0.144  0.092  0.029  0.002  0.007  ( 1.218)
39:  0.057  0.008  0.050  0.055  0.009  0.705  0.014  0.013  0.044  0.021  0.009  0.036  0.017  0.097  0.032  0.052  0.037  0.022  0.003  0.009  ( 1.290)
40:  0.126  1.420  0.033  0.044  0.033  0.063  0.021  0.059  0.060  0.077  0.028  0.041  0.031  0.121  0.051  0.100  0.080  0.080  0.008  0.027  ( 2.503)
41:  0.014  0.001  0.017  0.035  0.002  0.023  0.006  0.004  0.019  0.015  0.003  0.015  0.005  0.017  0.016  0.015  0.011  0.006  0.001  0.003  ( 0.229)
42:  0.124  0.012  0.017  0.022  0.010  0.492  0.008  0.021  0.021  0.025  0.010  0.022  0.017  0.017  0.017  0.064  0.047  0.085  0.002  0.008  ( 1.042)
43:  0.052  0.005  0.075  0.087  0.010  0.034  0.022  0.015  0.132  0.024  0.010  0.631  0.019  0.049  0.057  0.053  0.038  0.022  0.003  0.012  ( 1.352)
44:  0.024  0.001  0.012  0.028  0.003  0.023  0.006  0.005  0.027  0.008  0.007  0.012  0.005  0.024  0.020  0.019  0.013  0.007  0.001  0.004  ( 0.248)
45:  0.070  0.010  0.080  0.082  0.017  0.051  0.020  0.018  0.054  0.028  0.010  1.758  0.025  0.040  0.039  0.066  0.046  0.029  0.005  0.018  ( 2.467)
46:  0.033  0.003  0.026  0.045  0.006  0.016  0.047  0.010  0.090  0.017  0.008  0.148  0.011  0.036  0.082  0.034  0.027  0.015  0.002  0.008  ( 0.664)
47:  0.028  0.010  0.011  0.013  1.528  0.016  0.053  0.045  0.016  0.101  0.026  0.024  0.012  0.020  0.018  0.029  0.023  0.046  0.049  0.411  ( 2.480)
48:  0.015  0.001  0.014  0.028  0.003  0.010  0.012  0.006  0.030  0.012  0.003  0.012  0.005  0.017  0.015  0.015  0.017  0.007  0.001  0.009  ( 0.231)
49:  0.033  0.004  0.016  0.027  0.006  0.015  0.009  0.011  0.031  0.016  0.007  0.018  0.009  0.020  0.049  0.111  0.099  0.016  0.002  0.006  ( 0.506)
50:  0.011  0.001  0.007  0.015  0.002  0.004  0.003  0.007  0.010  0.010  0.005  0.006  0.002  0.008  0.010  0.008  0.008  0.005  0.002  0.002  ( 0.127)
51:  0.024  0.002  0.020  0.090  0.004  0.016  0.019  0.007  0.044  0.012  0.005  0.019  0.008  0.023  0.020  0.034  0.019  0.011  0.001  0.011  ( 0.389)
52:  0.026  0.002  0.030  0.076  0.004  0.010  0.008  0.006  0.029  0.016  0.005  0.017  0.007  0.023  0.018  0.033  0.017  0.010  0.001  0.008  ( 0.346)
53:  0.108  3.529  0.023  0.024  0.026  0.071  0.015  0.049  0.027  0.058  0.018  0.029  0.034  0.020  0.028  0.083  0.064  0.069  0.008  0.020  ( 4.302)
54:  0.019  0.002  0.018  0.039  0.003  0.009  0.007  0.011  0.033  0.009  0.012  0.020  0.006  0.021  0.032  0.019  0.015  0.008  0.001  0.004  ( 0.288)
55:  0.021  0.005  0.023  0.026  0.003  0.008  0.006  0.005  0.032  0.013  0.004  0.016  0.005  0.015  0.030  0.019  0.013  0.007  0.001  0.004  ( 0.256)
56:  0.025  0.002  0.004  0.011  0.006  0.004  0.003  0.016  0.011  0.014  0.009  0.005  0.003  0.006  0.006  0.009  0.020  0.023  0.001  0.007  ( 0.188)
57:  0.108  3.529  0.023  0.024  0.026  0.071  0.015  0.049  0.027  0.058  0.018  0.029  0.034  0.020  0.028  0.083  0.064  0.069  0.008  0.020  ( 4.302)
58:  0.005  0.000  0.002  0.005  0.001  0.004  0.003  0.003  0.004  0.005  0.001  0.002  0.003  0.003  0.005  0.004  0.004  0.003  0.001  0.001  ( 0.059)
59:  0.012  0.001  0.011  0.016  0.002  0.020  0.004  0.004  0.013  0.006  0.003  0.008  0.003  0.009  0.010  0.010  0.008  0.011  0.001  0.003  ( 0.154)
60:  0.012  0.002  0.003  0.006  0.004  0.006  0.003  0.011  0.008  0.013  0.005  0.004  0.002  0.005  0.005  0.007  0.007  0.019  0.001  0.006  ( 0.127)
Indel values
1:  0.015  1.858  0.683
2:  0.013  1.858  0.833
3:  0.011  1.858  0.926
4:  0.010  1.858  0.971
5:  0.189  1.213  0.944
6:  0.012  1.858  0.868
7:  0.051  1.496  0.955
8:  0.010  1.858  0.978
9:  0.010  1.858  0.987
10:  0.010  1.858  0.990
11:  0.010  1.858  0.991
12:  0.010  1.858  0.992
13:  0.073  1.933  0.992
14:  0.010  1.858  0.992
15:  0.010  1.858  0.992
16:  0.010  1.858  0.992
17:  0.051  1.516  0.929
18:  0.010  1.858  0.971
19:  0.010  1.858  0.948
20:  0.010  1.858  0.976
21:  0.010  1.858  0.986
22:  0.010  1.858  0.990
23:  0.010  1.858  0.991
24:  0.010  1.858  0.992
25:  0.010  1.858  0.992
26:  0.010  1.858  0.992
27:  0.010  1.858  0.992
28:  0.010  1.858  0.992
29:  0.010  1.858  0.992
30:  0.010  1.858  0.992
31:  0.010  1.858  0.992
32:  0.010  1.858  0.992
33:  0.010  1.858  0.992
34:  0.010  1.858  0.992
35:  0.010  1.858  0.992
36:  0.010  1.858  0.992
37:  0.010  1.858  0.992
38:  0.010  1.858  0.992
39:  0.010  1.858  0.992
40:  0.010  1.858  0.992
41:  0.010  1.858  0.992
42:  0.010  1.858  0.992
43:  0.010  1.858  0.992
44:  0.010  1.858  0.992
45:  0.010  1.858  0.992
46:  0.010  1.858  0.992
47:  0.010  1.858  0.992
48:  0.010  1.858  0.992
49:  0.010  1.858  0.992
50:  0.010  1.858  0.992
51:  0.010  1.858  0.992
52:  0.010  1.858  0.992
53:  0.010  1.858  0.992
54:  0.010  1.858  0.992
55:  0.010  1.858  0.992
56:  0.010  1.858  0.992
57:  0.010  1.858  0.992
58:  0.010  1.858  0.992
59:  0.013  1.858  0.764
60:  0.000  0.000  0.765
